N_J = 28;
N_H = 22;
N_D = 1;
y = 6;
a = 1;
b = 1;
D = [
[0, 0, 0, 0, 0, 0, 0, 0, 0, 0, 0, 0, 0, 0, 0, 0, 0, 0, 0, 0, 0, 0, 0],
[1, 5, 0, 4, 0, 3, 3, 3, 4, 2, 4, 4, 2, 2, 0, 4, 2, 0, 4, 5, 4, 1, 0],
[1, 5, 0, 4, 0, 3, 3, 3, 4, 2, 4, 4, 2, 2, 0, 4, 2, 0, 4, 5, 4, 1, 0],
[1, 5, 0, 4, 0, 3, 3, 3, 4, 2, 4, 4, 2, 2, 0, 4, 2, 0, 4, 5, 4, 1, 0],
[1, 5, 0, 4, 0, 3, 3, 3, 4, 2, 4, 4, 2, 2, 0, 4, 2, 0, 4, 5, 4, 1, 0],
[1, 5, 0, 4, 0, 3, 3, 3, 4, 2, 4, 4, 2, 2, 0, 4, 2, 0, 4, 5, 4, 1, 0],
[1, 5, 0, 4, 0, 3, 3, 3, 4, 2, 4, 4, 2, 2, 0, 4, 2, 0, 4, 5, 4, 1, 0],
[1, 5, 0, 4, 0, 3, 3, 3, 4, 2, 4, 4, 2, 2, 0, 4, 2, 0, 4, 5, 4, 1, 0],
[1, 5, 0, 4, 0, 3, 3, 3, 4, 2, 4, 4, 2, 2, 0, 4, 2, 0, 4, 5, 4, 1, 0],
[1, 5, 0, 4, 0, 3, 3, 3, 4, 2, 4, 4, 2, 2, 0, 4, 2, 0, 4, 5, 4, 1, 0],
[1, 5, 0, 4, 0, 3, 3, 3, 4, 2, 4, 4, 2, 2, 0, 4, 2, 0, 4, 5, 4, 1, 0],
[1, 5, 0, 4, 0, 3, 3, 3, 4, 2, 4, 4, 2, 2, 0, 4, 2, 0, 4, 5, 4, 1, 0],
[1, 5, 0, 4, 0, 3, 3, 3, 4, 2, 4, 4, 2, 2, 0, 4, 2, 0, 4, 5, 4, 1, 0],
[1, 5, 0, 4, 0, 3, 3, 3, 4, 2, 4, 4, 2, 2, 0, 4, 2, 0, 4, 5, 4, 1, 0],
[1, 5, 0, 4, 0, 3, 3, 3, 4, 2, 4, 4, 2, 2, 0, 4, 2, 0, 4, 5, 4, 1, 0],
[1, 5, 0, 4, 0, 3, 3, 3, 4, 2, 4, 4, 2, 2, 0, 4, 2, 0, 4, 5, 4, 1, 0],
[1, 5, 0, 4, 0, 3, 3, 3, 4, 2, 4, 4, 2, 2, 0, 4, 2, 0, 4, 5, 4, 1, 0],
[1, 5, 0, 4, 0, 3, 3, 3, 4, 2, 4, 4, 2, 2, 0, 4, 2, 0, 4, 5, 4, 1, 0],
[1, 5, 0, 4, 0, 3, 3, 3, 4, 2, 4, 4, 2, 2, 0, 4, 2, 0, 4, 5, 4, 1, 0],
[1, 5, 0, 4, 0, 3, 3, 3, 4, 2, 4, 4, 2, 2, 0, 4, 2, 0, 4, 5, 4, 1, 0],
[1, 5, 0, 4, 0, 3, 3, 3, 4, 2, 4, 4, 2, 2, 0, 4, 2, 0, 4, 5, 4, 1, 0],
[1, 5, 0, 4, 0, 3, 3, 3, 4, 2, 4, 4, 2, 2, 0, 4, 2, 0, 4, 5, 4, 1, 0],
[1, 5, 0, 4, 0, 3, 3, 3, 4, 2, 4, 4, 2, 2, 0, 4, 2, 0, 4, 5, 4, 1, 0],
[1, 5, 0, 4, 0, 3, 3, 3, 4, 2, 4, 4, 2, 2, 0, 4, 2, 0, 4, 5, 4, 1, 0],
[1, 5, 0, 4, 0, 3, 3, 3, 4, 2, 4, 4, 2, 2, 0, 4, 2, 0, 4, 5, 4, 1, 0],
[1, 5, 0, 4, 0, 3, 3, 3, 4, 2, 4, 4, 2, 2, 0, 4, 2, 0, 4, 5, 4, 1, 0],
[1, 5, 0, 4, 0, 3, 3, 3, 4, 2, 4, 4, 2, 2, 0, 4, 2, 0, 4, 5, 4, 1, 0],
[1, 5, 0, 4, 0, 3, 3, 3, 4, 2, 4, 4, 2, 2, 0, 4, 2, 0, 4, 5, 4, 1, 0],
[1, 5, 0, 4, 0, 3, 3, 3, 4, 2, 4, 4, 2, 2, 0, 4, 2, 0, 4, 5, 4, 1, 0]
];
M = 30;
I = [
[0, 0, 0, 0, 0, 0, 0, 0, 0, 0, 0, 0, 0, 0, 0, 0, 0, 0, 0, 0, 0, 0, 0],
[3, 6, 1, 1, 2, 5, 1, 5, 3, 4, 6, 4, 4, 3, 0, 0, 6, 5, 6, 0, 5, 4, 0],
[3, 6, 1, 1, 2, 5, 1, 5, 3, 4, 6, 4, 4, 3, 0, 0, 6, 5, 6, 0, 5, 4, 0],
[3, 6, 1, 1, 2, 5, 1, 5, 3, 4, 6, 4, 4, 3, 0, 0, 6, 5, 6, 0, 5, 4, 0],
[3, 6, 1, 1, 2, 5, 1, 5, 3, 4, 6, 4, 4, 3, 0, 0, 6, 5, 6, 0, 5, 4, 0],
[3, 6, 1, 1, 2, 5, 1, 5, 3, 4, 6, 4, 4, 3, 0, 0, 6, 5, 6, 0, 5, 4, 0],
[3, 6, 1, 1, 2, 5, 1, 5, 3, 4, 6, 4, 4, 3, 0, 0, 6, 5, 6, 0, 5, 4, 0],
[3, 6, 1, 1, 2, 5, 1, 5, 3, 4, 6, 4, 4, 3, 0, 0, 6, 5, 6, 0, 5, 4, 0],
[3, 6, 1, 1, 2, 5, 1, 5, 3, 4, 6, 4, 4, 3, 0, 0, 6, 5, 6, 0, 5, 4, 0],
[3, 6, 1, 1, 2, 5, 1, 5, 3, 4, 6, 4, 4, 3, 0, 0, 6, 5, 6, 0, 5, 4, 0],
[3, 6, 1, 1, 2, 5, 1, 5, 3, 4, 6, 4, 4, 3, 0, 0, 6, 5, 6, 0, 5, 4, 0],
[3, 6, 1, 1, 2, 5, 1, 5, 3, 4, 6, 4, 4, 3, 0, 0, 6, 5, 6, 0, 5, 4, 0],
[3, 6, 1, 1, 2, 5, 1, 5, 3, 4, 6, 4, 4, 3, 0, 0, 6, 5, 6, 0, 5, 4, 0],
[3, 6, 1, 1, 2, 5, 1, 5, 3, 4, 6, 4, 4, 3, 0, 0, 6, 5, 6, 0, 5, 4, 0],
[3, 6, 1, 1, 2, 5, 1, 5, 3, 4, 6, 4, 4, 3, 0, 0, 6, 5, 6, 0, 5, 4, 0],
[3, 6, 1, 1, 2, 5, 1, 5, 3, 4, 6, 4, 4, 3, 0, 0, 6, 5, 6, 0, 5, 4, 0],
[3, 6, 1, 1, 2, 5, 1, 5, 3, 4, 6, 4, 4, 3, 0, 0, 6, 5, 6, 0, 5, 4, 0],
[3, 6, 1, 1, 2, 5, 1, 5, 3, 4, 6, 4, 4, 3, 0, 0, 6, 5, 6, 0, 5, 4, 0],
[3, 6, 1, 1, 2, 5, 1, 5, 3, 4, 6, 4, 4, 3, 0, 0, 6, 5, 6, 0, 5, 4, 0],
[3, 6, 1, 1, 2, 5, 1, 5, 3, 4, 6, 4, 4, 3, 0, 0, 6, 5, 6, 0, 5, 4, 0],
[3, 6, 1, 1, 2, 5, 1, 5, 3, 4, 6, 4, 4, 3, 0, 0, 6, 5, 6, 0, 5, 4, 0],
[3, 6, 1, 1, 2, 5, 1, 5, 3, 4, 6, 4, 4, 3, 0, 0, 6, 5, 6, 0, 5, 4, 0],
[3, 6, 1, 1, 2, 5, 1, 5, 3, 4, 6, 4, 4, 3, 0, 0, 6, 5, 6, 0, 5, 4, 0],
[3, 6, 1, 1, 2, 5, 1, 5, 3, 4, 6, 4, 4, 3, 0, 0, 6, 5, 6, 0, 5, 4, 0],
[3, 6, 1, 1, 2, 5, 1, 5, 3, 4, 6, 4, 4, 3, 0, 0, 6, 5, 6, 0, 5, 4, 0],
[3, 6, 1, 1, 2, 5, 1, 5, 3, 4, 6, 4, 4, 3, 0, 0, 6, 5, 6, 0, 5, 4, 0],
[3, 6, 1, 1, 2, 5, 1, 5, 3, 4, 6, 4, 4, 3, 0, 0, 6, 5, 6, 0, 5, 4, 0],
[3, 6, 1, 1, 2, 5, 1, 5, 3, 4, 6, 4, 4, 3, 0, 0, 6, 5, 6, 0, 5, 4, 0],
[3, 6, 1, 1, 2, 5, 1, 5, 3, 4, 6, 4, 4, 3, 0, 0, 6, 5, 6, 0, 5, 4, 0]
];
F = [
[1, 1, 0, 0, 0, 1, 1, 0, 0, 0, 1, 1, 1, 0, 0, 0, 1, 0, 0, 1, 1, 1, 0],
[1, 1, 0, 0, 0, 1, 1, 0, 0, 0, 1, 1, 1, 0, 0, 0, 1, 0, 0, 1, 1, 1, 0],
[1, 1, 0, 0, 0, 1, 1, 0, 0, 0, 1, 1, 1, 0, 0, 0, 1, 0, 0, 1, 1, 1, 0],
[1, 1, 0, 0, 0, 1, 1, 0, 0, 0, 1, 1, 1, 0, 0, 0, 1, 0, 0, 1, 1, 1, 0],
[1, 1, 0, 0, 0, 1, 1, 0, 0, 0, 1, 1, 1, 0, 0, 0, 1, 0, 0, 1, 1, 1, 0],
[1, 1, 0, 0, 0, 1, 1, 0, 0, 0, 1, 1, 1, 0, 0, 0, 1, 0, 0, 1, 1, 1, 0],
[1, 1, 0, 0, 0, 1, 1, 0, 0, 0, 1, 1, 1, 0, 0, 0, 1, 0, 0, 1, 1, 1, 0],
[1, 1, 0, 0, 0, 1, 1, 0, 0, 0, 1, 1, 1, 0, 0, 0, 1, 0, 0, 1, 1, 1, 0],
[1, 1, 0, 0, 0, 1, 1, 0, 0, 0, 1, 1, 1, 0, 0, 0, 1, 0, 0, 1, 1, 1, 0],
[1, 1, 0, 0, 0, 1, 1, 0, 0, 0, 1, 1, 1, 0, 0, 0, 1, 0, 0, 1, 1, 1, 0],
[1, 1, 0, 0, 0, 1, 1, 0, 0, 0, 1, 1, 1, 0, 0, 0, 1, 0, 0, 1, 1, 1, 0],
[1, 1, 0, 0, 0, 1, 1, 0, 0, 0, 1, 1, 1, 0, 0, 0, 1, 0, 0, 1, 1, 1, 0],
[1, 1, 0, 0, 0, 1, 1, 0, 0, 0, 1, 1, 1, 0, 0, 0, 1, 0, 0, 1, 1, 1, 0],
[1, 1, 0, 0, 0, 1, 1, 0, 0, 0, 1, 1, 1, 0, 0, 0, 1, 0, 0, 1, 1, 1, 0],
[1, 1, 0, 0, 0, 1, 1, 0, 0, 0, 1, 1, 1, 0, 0, 0, 1, 0, 0, 1, 1, 1, 0],
[1, 1, 0, 0, 0, 1, 1, 0, 0, 0, 1, 1, 1, 0, 0, 0, 1, 0, 0, 1, 1, 1, 0],
[1, 1, 0, 0, 0, 1, 1, 0, 0, 0, 1, 1, 1, 0, 0, 0, 1, 0, 0, 1, 1, 1, 0],
[1, 1, 0, 0, 0, 1, 1, 0, 0, 0, 1, 1, 1, 0, 0, 0, 1, 0, 0, 1, 1, 1, 0],
[1, 1, 0, 0, 0, 1, 1, 0, 0, 0, 1, 1, 1, 0, 0, 0, 1, 0, 0, 1, 1, 1, 0],
[1, 1, 0, 0, 0, 1, 1, 0, 0, 0, 1, 1, 1, 0, 0, 0, 1, 0, 0, 1, 1, 1, 0],
[1, 1, 0, 0, 0, 1, 1, 0, 0, 0, 1, 1, 1, 0, 0, 0, 1, 0, 0, 1, 1, 1, 0],
[1, 1, 0, 0, 0, 1, 1, 0, 0, 0, 1, 1, 1, 0, 0, 0, 1, 0, 0, 1, 1, 1, 0],
[1, 1, 0, 0, 0, 1, 1, 0, 0, 0, 1, 1, 1, 0, 0, 0, 1, 0, 0, 1, 1, 1, 0],
[1, 1, 0, 0, 0, 1, 1, 0, 0, 0, 1, 1, 1, 0, 0, 0, 1, 0, 0, 1, 1, 1, 0],
[1, 1, 0, 0, 0, 1, 1, 0, 0, 0, 1, 1, 1, 0, 0, 0, 1, 0, 0, 1, 1, 1, 0],
[1, 1, 0, 0, 0, 1, 1, 0, 0, 0, 1, 1, 1, 0, 0, 0, 1, 0, 0, 1, 1, 1, 0],
[1, 1, 0, 0, 0, 1, 1, 0, 0, 0, 1, 1, 1, 0, 0, 0, 1, 0, 0, 1, 1, 1, 0],
[1, 1, 0, 0, 0, 1, 1, 0, 0, 0, 1, 1, 1, 0, 0, 0, 1, 0, 0, 1, 1, 1, 0],
[1, 1, 0, 0, 0, 1, 1, 0, 0, 0, 1, 1, 1, 0, 0, 0, 1, 0, 0, 1, 1, 1, 0]
];
N_P = 31;
n = [3, 2, 1, 2, 2, 2, 2, 1, 1, 1, 1, 1, 3, 2, 2, 1, 1, 3, 2, 1, 3, 3, 1, 3, 3, 3, 3, 2, 2, 2, 1];
p_C = [0, 2, 3, 3, 0, 2, 0, 0, 3, 3, 3, 1, 3, 0, 3, 0, 0, 2, 3, 0, 2, 1, 0, 0, 2, 0, 2, 0, 1, 0, 3];
p_D = [0, 1, 3, 2, 2, 0, 1, 1, 0, 0, 0, 3, 0, 0, 3, 2, 0, 0, 0, 2, 3, 2, 2, 0, 2, 2, 2, 3, 3, 1, 2];
Delta = [
[0, 2, 3],
[0, 3],
[0],
[0, 2],
[0, 2],
[0, 3],
[0, 1],
[0],
[0],
[0],
[0],
[0],
[0, 1, 1],
[0, 1],
[0, 2],
[0],
[0],
[0, 2, 2],
[0, 2],
[0],
[0, 2, 2],
[0, 2, 3],
[0],
[0, 3, 2],
[0, 2, 2],
[0, 1, 2],
[0, 2, 2],
[0, 3],
[0, 1],
[0, 2],
[0]
];
e_A = [
[1, 1, 1],
[0, 0],
[1],
[0, 0],
[0, 1],
[0, 0],
[1, 1],
[1],
[1],
[0],
[1],
[0],
[0, 1, 0],
[0, 1],
[1, 0],
[0],
[1],
[1, 1, 0],
[1, 0],
[1],
[0, 0, 0],
[1, 0, 0],
[1],
[1, 0, 0],
[1, 0, 1],
[0, 0, 1],
[0, 0, 0],
[1, 1],
[0, 1],
[1, 1],
[0]
];
e_C = [
[0, 1, 1],
[1, 0],
[1],
[1, 1],
[0, 0],
[1, 1],
[1, 1],
[0],
[0],
[0],
[0],
[0],
[0, 0, 1],
[1, 1],
[1, 1],
[1],
[1],
[0, 0, 0],
[0, 1],
[1],
[0, 1, 1],
[0, 0, 1],
[0],
[1, 1, 0],
[1, 0, 1],
[0, 1, 1],
[0, 0, 1],
[0, 1],
[0, 0],
[1, 1],
[0]
];
